all 19 classes
5 epochs
							learning rate -1e5
MCC			accuracy		precision		recall			f1(macro avg)

0.26846610152687966	0.34234234234234234	0.24894754230237648	0.27453646313940433	0.2444268258302219
0.3319327933935114	0.38738738738738737	0.2745810922698795	0.32523717009011127	0.2758839994819417
0.2881616100073352	0.35135135135135137	0.3462952492107783	0.28194183598595357	0.25167371388301624
0.29449098502153837	0.36036036036036034	0.23803147275170228	0.2714803479509362	0.2297928645183898
0.3136624636324753	0.3738738738738739	0.2914866097954333	0.2811298002474473	0.23725432318379133
							average
0.29934279071634798	0.36306306306306306	0.279868393266033972	0.28686512348277053	0.247806345379472194


5 most frequent classes
							learning rate -1e5
6 epochs
MCC			accuracy		precision		recall			f1(macro avg)
0.4755926693814516	0.5864661654135338	0.5485934065934066	0.5525751275751276	0.5339386973180077
0.3438151853835613	0.48120300751879697	0.41309523809523807	0.43123109998109993	0.40223272478696953
0.41413845641634367	0.5413533834586466	0.4885521885521885	0.4843933093933094	0.4620150091117833
0.44139057290162415	0.5639097744360902	0.6356510156510156	0.5032165469665469	0.48058692052391816
0.3937969007330735	0.5263157894736842	0.42475524475524473	0.43841546966546974	0.4055131353391503
							average
0.413746756963210844	0.53984962406015035	0.5021294187294187	0.48196631071631071	0.45685729741596579
